------------------Value Iteration------------------
Value Function:

beta = 0.100000
0.1001 0.0090 0.0088 0.0090 1.0010 0.0068 0.0683 0.0086 0.0100 0.0896 

beta = 0.900000
3.3210 2.9233 2.8913 2.9233 3.6900 2.8407 3.1563 2.9071 2.9889 3.2481 

beta = 0.999000
333.3266 332.9147 332.8774 332.9147 333.6602 332.8195 333.1527 332.8959 332.9932 333.2479 


Policy Function:

beta = 0.100000
3 3 2 0 0 0 1 2 1 3 

beta = 0.900000
3 3 2 0 0 0 1 2 1 3 

beta = 0.999000
3 3 2 0 0 0 1 2 1 3 

------------------Policy Iteration------------------
Value Function:

beta = 0.100000
0.1001 0.0090 0.0088 0.0090 1.0010 0.0068 0.0683 0.0086 0.0100 0.0896 

beta = 0.900000
3.3210 2.9233 2.8913 2.9233 3.6900 2.8407 3.1564 2.9071 2.9889 3.2482 

beta = 0.999000
333.3299 332.9180 332.8808 332.9180 333.6636 332.8229 333.1560 332.8992 332.9966 333.2513 


Policy Function:

beta = 0.100000
3 3 2 0 0 0 1 2 1 3 

beta = 0.900000
3 3 2 0 0 0 1 2 1 3 

beta = 0.999000
3 3 2 0 0 0 1 2 1 3 

------------------Modified Policy Iteration------------------
Value Function:

beta = 0.100000
0.1001 0.0090 0.0088 0.0090 1.0010 0.0068 0.0683 0.0086 0.0100 0.0896 

beta = 0.900000
3.3210 2.9233 2.8913 2.9233 3.6900 2.8407 3.1564 2.9071 2.9889 3.2481 

beta = 0.999000
333.3299 332.9180 332.8808 332.9180 333.6636 332.8228 333.1560 332.8992 332.9966 333.2513 


Policy Function:

beta = 0.100000
3 3 2 0 0 0 1 2 1 3 

beta = 0.900000
3 3 2 0 0 0 1 2 1 3 

beta = 0.999000
3 3 2 0 0 0 1 2 1 3 
