------------------Value Iteration------------------
Value Function:

beta = 0.100000
0.0114 0.0100 0.5733 0.0015 0.0604 0.1010 1.0101 0.0080 0.0060 0.1010 

beta = 0.900000
4.2631 4.2576 5.1885 3.8440 4.4168 4.7368 5.2631 3.8351 3.9751 4.7368 

beta = 0.999000
499.2451 499.2384 500.2088 498.7516 499.3844 499.7449 500.2451 498.7420 498.8851 499.7449 


Policy Function:

beta = 0.100000
3 0 0 1 2 2 2 3 1 2 

beta = 0.900000
0 0 0 1 2 2 2 1 1 2 

beta = 0.999000
0 0 0 1 2 2 2 1 1 2 

------------------Policy Iteration------------------
Value Function:

beta = 0.100000
0.0114 0.0100 0.5733 0.0015 0.0604 0.1010 1.0101 0.0080 0.0060 0.1010 

beta = 0.900000
4.2632 4.2577 5.1885 3.8440 4.4169 4.7368 5.2632 3.8351 3.9752 4.7368 

beta = 0.999000
499.2456 499.2389 500.2093 498.7521 499.3849 499.7454 500.2456 498.7425 498.8855 499.7454 


Policy Function:

beta = 0.100000
3 0 0 1 2 2 2 3 1 2 

beta = 0.900000
0 0 0 1 2 2 2 1 1 2 

beta = 0.999000
0 0 0 1 2 2 2 1 1 2 

------------------Modified Policy Iteration------------------
Value Function:

beta = 0.100000
0.0114 0.0100 0.5733 0.0015 0.0604 0.1010 1.0101 0.0080 0.0060 0.1010 

beta = 0.900000
4.2631 4.2576 5.1885 3.8440 4.4168 4.7368 5.2631 3.8351 3.9751 4.7368 

beta = 0.999000
499.2452 499.2384 500.2088 498.7516 499.3845 499.7449 500.2452 498.7420 498.8851 499.7449 


Policy Function:

beta = 0.100000
3 0 0 1 2 2 2 3 1 2 

beta = 0.900000
0 0 0 1 2 2 2 1 1 2 

beta = 0.999000
0 0 0 1 2 2 2 1 1 2 
